31
0 0 0 20 0 0 0 0 0 0 20 0 0 0 0 0 0 0 0 0 0 0 0 0 0 0 0 0 20 0 0
10 30 20 20 61 0 61 40 40 0 0 0 0 30 0 0 0 0 0 0 0 0 0 0 0 0 0 10 20 0 40
25 60 25 50 120 25 90 40 90 25 30 40 0 50 30 60 0 0 50 30 25 25 25 0 0 25 25 25 0 0 40
30 60 30 40 50 25 60 50 60 60 50 55 40 30 40 25 39 50 30 80 40 39 35 30 100 40 30 40 35 35 70
19 20 10 35 55 21 60 35 40 40 30 35 20 45 10 20 20 10 30 83 15 17 15 15 55 8 15 28 20 20 25
0 30 0 0 90 18 0 25 50 0 0 0 0 0 15 0 0 0 0 0 30 0 0 30 0 0 50 0 0 0 0
0 0 35 50 0 35 0 0 0 0 0 0 35 0 0 0 0 0 0 40 0 0 0 35 40 35 0 0 0 35 0
10 0 0 0 20 0 0 0 10 0 0 0 0 30 20 0 0 0 0 30 0 0 0 0 0 0 0 0 0 0 20
0 0 0 43 50 0 70 0 0 0 0 0 0 0 0 0 0 0 0 80 0 0 0 0 0 0 0 0 0 0 40
30 40 30 60 40 30 40 40 40 50 60 30 0 50 50 0 0 20 30 20 30 60 30 20 30 0 30 20 0 0 40
20 20 21 25 25 0 35 22 30 0 0 24 0 28 0 0 26 0 0 28 0 0 0 0 31 0 0 0 0 0 30
0 40 28 0 0 0 0 0 0 0 0 0 0 0 29 30 0 0 0 0 0 0 0 0 0 0 0 0 0 0 45
0 35 10 0 0 0 40 30 70 30 0 0 0 0 0 0 0 20 0 0 0 0 0 0 0 0 0 0 12 0 0
40 45 20 100 50 40 80 20 80 30 40 25 25 20 30 30 30 30 40 30 30 40 30 30 30 20 30 20 30 30 50
0 10 0 0 0 0 40 50 10 0 0 0 0 0 9 0 0 0 0 0 0 0 0 0 0 0 0 0 0 20 20
20 20 20 20 20 20 20 20 20 20 20 40 20 20 20 20 20 20 25 20 20 20 20 20 28 20 20 20 20 20 20
30 40 25 30 45 20 28 20 38 30 40 25 25 36 45 36 28 34 40 35 28 39 28 36 28 20 36 39 28 36 25
1 20 1 0 15 15 20 20 10 10 10 1 0 0 0 1 0 10 10 10 0 15 0 0 0 0 0 0 0 0 15
0 50 0 30 30 0 60 20 30 0 40 0 0 0 0 30 0 0 0 0 0 0 30 0 50 0 0 0 0 20 30
0 0 0 0 45 0 48 20 45 0 0 20 20 0 0 0 0 0 20 50 0 20 0 0 25 15 0 0 0 0 0
0 40 30 50 40 0 30 0 0 0 0 0 0 0 0 0 0 30 0 0 0 0 0 0 0 0 0 0 0 0 40
0 0 0 0 0 0 0 28 0 0 0 0 0 0 0 0 0 0 0 0 0 0 0 0 0 10 0 0 0 0 0
35 40 30 60 35 20 40 40 30 0 25 20 0 0 25 20 25 0 50 20 40 0 30 30 0 25 50 35 25 0 50
5 5 0 5 5 5 15 15 0 0 5 5 5 5 5 5 5 5 5 5 5 5 5 5 5 5 5 5 5 5 5
10 13 14 10 14 10 10 11 13 12 11 11 13 12 10 10 10 10 12 11 12 8 10 11 12 11 12 13 11 12 11
0 20 15 0 0 0 0 0 0 0 0 0 30 0 0 0 30 0 0 0 0 0 0 0 0 0 0 0 0 0 25
20 50 10 30 40 10 20 10 30 10 10 10 10 10 10 10 0 0 0 0 0 0 0 0 0 0 0 0 0 0 20
25 40 15 50 50 15 86 30 60 26 38 17 25 70 20 20 30 50 35 30 15 20 20 30 70 20 45 20 30 20 40
30 50 10 10 70 10 50 70 30 10 10 10 15 10 30 10 10 10 10 10 10 10 20 30 10 20 15 10 30 20 60
30 50 30 25 50 40 60 40 40 50 40 40 30 60 40 30 30 40 50 60 40 30 30 30 40 30 30 30 30 30 50
0 0 0 0 0 0 0 0 0 0 18 0 19 0 0 0 15 0 0 0 0 0 0 0 0 0 0 0 15 18 0